0.00000 0.00000 0.00000 0.03499 0.00000 0.00000 0.00000 0.00000 0.00000 0.00000 0.00000
1.23291 0.00000 0.00000 0.31190 0.00000 0.00000 0.00000 0.00000 0.00000 0.00000 0.00010
0.00000 0.00000 0.00000 0.33560 0.52336 0.00000 0.00000 -0.00000 0.00000 0.00000 0.55560
-0.00018 0.00000 0.00000 0.00000 0.00000 -0.00000 -0.00000 -0.00000 -0.00000 -0.00000 -0.00000
-0.00000 0.10112 0.00000 0.43365 0.00000 0.00000 0.00000 -0.39611 0.00000 0.00000 0.10578
-0.00000 0.00000 0.00000 -0.00000 0.00000 0.00000 1.31469 -11.73098 0.00000 0.00000 0.00000
-0.00000 0.00000 0.00000 -0.00000 -0.00000 0.00000 0.00000 9.57693 0.00000 0.00000 -0.00000
-0.00000 -0.00000 -0.00000 -0.00000 -0.00000 0.00000 0.00000 0.00009 -0.00000 -0.00000 -0.00000
0.21973 0.00000 0.00000 -0.00000 0.00000 0.00000 0.00000 -0.00000 0.00000 1.40456 0.06934
-0.04799 0.00000 0.00000 -0.00000 0.27392 0.00000 0.00000 -0.00000 0.00000 0.00000 0.00000
0.00000 0.05210 0.00000 -0.00000 0.00001 0.00000 0.00000 -0.68536 -0.00001 0.00000 0.00000
